{
    "K": [
        [
            1386.6666666666667,
            0,
            256.0
        ],
        [
            0,
            1386.6666666666667,
            256.0
        ],
        [
            0,
            0,
            1
        ]
    ],
    "aabb": [
        [
            -0.6169424653053284,
            -0.4582919478416443,
            -0.9766327142715454
        ],
        [
            0.6122983694076538,
            0.37460002303123474,
            1.2368429899215698
        ]
    ],
    "near": 5.425564729655162,
    "far": 8.76875376701355,
    "frames": [
        {
            "image": "./cam_images/1.jpeg",
            "mask": "./masks/1.jpeg",
            "transform_matrix": [
                [
                    -4.371138828673793e-08,
                    -0.17364822328090668,
                    0.9848077297210693,
                    6.8936543464660645
                ],
                [
                    1.0,
                    -7.59040474918038e-09,
                    4.304731504589654e-08,
                    0.0
                ],
                [
                    0.0,
                    0.9848077297210693,
                    0.17364822328090668,
                    1.215537190437317
                ],
                [
                    0.0,
                    0.0,
                    0.0,
                    1.0
                ]
            ]
        },
        {
            "image": "./cam_images/2.jpeg",
            "mask": "./masks/2.jpeg",
            "transform_matrix": [
                [
                    -0.30901703238487244,
                    -0.1651492714881897,
                    0.936607837677002,
                    6.556254863739014
                ],
                [
                    0.9510564804077148,
                    -0.053660258650779724,
                    0.30432239174842834,
                    2.130256414413452
                ],
                [
                    0.0,
                    0.9848077297210693,
                    0.17364822328090668,
                    1.215537190437317
                ],
                [
                    0.0,
                    0.0,
                    0.0,
                    1.0
                ]
            ]
        },
        {
            "image": "./cam_images/3.jpeg",
            "mask": "./masks/3.jpeg",
            "transform_matrix": [
                [
                    -0.5877851843833923,
                    -0.14048436284065247,
                    0.7967262268066406,
                    5.577083587646484
                ],
                [
                    0.80901700258255,
                    -0.10206785053014755,
                    0.5788553953170776,
                    4.051988124847412
                ],
                [
                    0.0,
                    0.9848077297210693,
                    0.17364822328090668,
                    1.215537190437317
                ],
                [
                    0.0,
                    0.0,
                    0.0,
                    1.0
                ]
            ]
        },
        {
            "image": "./cam_images/4.jpeg",
            "mask": "./masks/4.jpeg",
            "transform_matrix": [
                [
                    -0.8090170621871948,
                    -0.10206785053014755,
                    0.5788553953170776,
                    4.051988124847412
                ],
                [
                    0.5877851843833923,
                    -0.14048436284065247,
                    0.7967262268066406,
                    5.577083587646484
                ],
                [
                    0.0,
                    0.9848077297210693,
                    0.17364822328090668,
                    1.215537190437317
                ],
                [
                    0.0,
                    0.0,
                    0.0,
                    1.0
                ]
            ]
        },
        {
            "image": "./cam_images/5.jpeg",
            "mask": "./masks/5.jpeg",
            "transform_matrix": [
                [
                    -0.9510564804077148,
                    -0.053660258650779724,
                    0.30432236194610596,
                    2.130256414413452
                ],
                [
                    0.30901703238487244,
                    -0.1651492714881897,
                    0.936607837677002,
                    6.556254863739014
                ],
                [
                    0.0,
                    0.9848077297210693,
                    0.17364822328090668,
                    1.215537190437317
                ],
                [
                    0.0,
                    0.0,
                    0.0,
                    1.0
                ]
            ]
        },
        {
            "image": "./cam_images/6.jpeg",
            "mask": "./masks/6.jpeg",
            "transform_matrix": [
                [
                    -1.0,
                    1.518080949836076e-08,
                    -8.609463009179308e-08,
                    4.221145811598851e-16
                ],
                [
                    -8.742277657347586e-08,
                    -0.17364822328090668,
                    0.9848077297210693,
                    6.8936543464660645
                ],
                [
                    0.0,
                    0.9848077297210693,
                    0.17364822328090668,
                    1.215537190437317
                ],
                [
                    0.0,
                    0.0,
                    0.0,
                    1.0
                ]
            ]
        },
        {
            "image": "./cam_images/7.jpeg",
            "mask": "./masks/7.jpeg",
            "transform_matrix": [
                [
                    -0.9510564804077148,
                    0.053660258650779724,
                    -0.30432236194610596,
                    -2.130256414413452
                ],
                [
                    -0.30901703238487244,
                    -0.1651492714881897,
                    0.936607837677002,
                    6.556254863739014
                ],
                [
                    0.0,
                    0.9848077297210693,
                    0.17364822328090668,
                    1.215537190437317
                ],
                [
                    0.0,
                    0.0,
                    0.0,
                    1.0
                ]
            ]
        },
        {
            "image": "./cam_images/8.jpeg",
            "mask": "./masks/8.jpeg",
            "transform_matrix": [
                [
                    -0.8090170621871948,
                    0.10206785053014755,
                    -0.5788553953170776,
                    -4.051988124847412
                ],
                [
                    -0.5877851843833923,
                    -0.14048436284065247,
                    0.7967262268066406,
                    5.577083587646484
                ],
                [
                    0.0,
                    0.9848077297210693,
                    0.17364822328090668,
                    1.215537190437317
                ],
                [
                    0.0,
                    0.0,
                    0.0,
                    1.0
                ]
            ]
        },
        {
            "image": "./cam_images/9.jpeg",
            "mask": "./masks/9.jpeg",
            "transform_matrix": [
                [
                    -0.5877851843833923,
                    0.14048436284065247,
                    -0.7967262268066406,
                    -5.577083587646484
                ],
                [
                    -0.80901700258255,
                    -0.10206785053014755,
                    0.5788553953170776,
                    4.051988124847412
                ],
                [
                    0.0,
                    0.9848077297210693,
                    0.17364822328090668,
                    1.215537190437317
                ],
                [
                    0.0,
                    0.0,
                    0.0,
                    1.0
                ]
            ]
        },
        {
            "image": "./cam_images/10.jpeg",
            "mask": "./masks/10.jpeg",
            "transform_matrix": [
                [
                    -0.30901703238487244,
                    0.1651492714881897,
                    -0.936607837677002,
                    -6.556254863739014
                ],
                [
                    -0.9510564804077148,
                    -0.053660258650779724,
                    0.30432239174842834,
                    2.130256414413452
                ],
                [
                    0.0,
                    0.9848077297210693,
                    0.17364822328090668,
                    1.215537190437317
                ],
                [
                    0.0,
                    0.0,
                    0.0,
                    1.0
                ]
            ]
        },
        {
            "image": "./cam_images/11.jpeg",
            "mask": "./masks/11.jpeg",
            "transform_matrix": [
                [
                    -4.371138828673793e-08,
                    0.17364822328090668,
                    -0.9848077297210693,
                    -6.8936543464660645
                ],
                [
                    -1.0,
                    -7.59040474918038e-09,
                    4.304731504589654e-08,
                    8.442291623197702e-16
                ],
                [
                    0.0,
                    0.9848077297210693,
                    0.17364822328090668,
                    1.215537190437317
                ],
                [
                    0.0,
                    0.0,
                    0.0,
                    1.0
                ]
            ]
        },
        {
            "image": "./cam_images/12.jpeg",
            "mask": "./masks/12.jpeg",
            "transform_matrix": [
                [
                    0.30901697278022766,
                    0.1651492714881897,
                    -0.936607837677002,
                    -6.556254863739014
                ],
                [
                    -0.9510565400123596,
                    0.05366024374961853,
                    -0.3043223023414612,
                    -2.130256414413452
                ],
                [
                    0.0,
                    0.9848077297210693,
                    0.17364822328090668,
                    1.215537190437317
                ],
                [
                    0.0,
                    0.0,
                    0.0,
                    1.0
                ]
            ]
        },
        {
            "image": "./cam_images/13.jpeg",
            "mask": "./masks/13.jpeg",
            "transform_matrix": [
                [
                    0.5877851843833923,
                    0.14048436284065247,
                    -0.7967262268066406,
                    -5.577083587646484
                ],
                [
                    -0.8090170621871948,
                    0.10206785053014755,
                    -0.5788553953170776,
                    -4.051988124847412
                ],
                [
                    0.0,
                    0.9848077297210693,
                    0.17364822328090668,
                    1.215537190437317
                ],
                [
                    0.0,
                    0.0,
                    0.0,
                    1.0
                ]
            ]
        },
        {
            "image": "./cam_images/14.jpeg",
            "mask": "./masks/14.jpeg",
            "transform_matrix": [
                [
                    0.8090170621871948,
                    0.10206785053014755,
                    -0.5788553953170776,
                    -4.051988124847412
                ],
                [
                    -0.5877851843833923,
                    0.14048436284065247,
                    -0.7967262864112854,
                    -5.577083587646484
                ],
                [
                    0.0,
                    0.9848077297210693,
                    0.17364822328090668,
                    1.215537190437317
                ],
                [
                    0.0,
                    0.0,
                    0.0,
                    1.0
                ]
            ]
        },
        {
            "image": "./cam_images/15.jpeg",
            "mask": "./masks/15.jpeg",
            "transform_matrix": [
                [
                    0.9510565400123596,
                    0.05366025120019913,
                    -0.30432233214378357,
                    -2.130256414413452
                ],
                [
                    -0.30901700258255005,
                    0.1651492714881897,
                    -0.936607837677002,
                    -6.556254863739014
                ],
                [
                    0.0,
                    0.9848077297210693,
                    0.17364822328090668,
                    1.215537190437317
                ],
                [
                    0.0,
                    0.0,
                    0.0,
                    1.0
                ]
            ]
        },
        {
            "image": "./cam_images/16.jpeg",
            "mask": "./masks/16.jpeg",
            "transform_matrix": [
                [
                    1.0,
                    3.189866522355591e-17,
                    -1.8090626608480907e-16,
                    -1.2663437964192145e-15
                ],
                [
                    -1.8369704112266498e-16,
                    0.17364822328090668,
                    -0.9848077297210693,
                    -6.8936543464660645
                ],
                [
                    0.0,
                    0.9848077297210693,
                    0.17364822328090668,
                    1.215537190437317
                ],
                [
                    0.0,
                    0.0,
                    0.0,
                    1.0
                ]
            ]
        },
        {
            "image": "./cam_images/17.jpeg",
            "mask": "./masks/17.jpeg",
            "transform_matrix": [
                [
                    0.9510565400123596,
                    -0.05366025120019913,
                    0.30432233214378357,
                    2.130256414413452
                ],
                [
                    0.30901700258255005,
                    0.1651492714881897,
                    -0.936607837677002,
                    -6.556254863739014
                ],
                [
                    0.0,
                    0.9848077297210693,
                    0.17364822328090668,
                    1.215537190437317
                ],
                [
                    0.0,
                    0.0,
                    0.0,
                    1.0
                ]
            ]
        },
        {
            "image": "./cam_images/18.jpeg",
            "mask": "./masks/18.jpeg",
            "transform_matrix": [
                [
                    0.8090170621871948,
                    -0.10206785053014755,
                    0.5788553953170776,
                    4.051988124847412
                ],
                [
                    0.5877851843833923,
                    0.14048436284065247,
                    -0.7967262864112854,
                    -5.577083587646484
                ],
                [
                    0.0,
                    0.9848077297210693,
                    0.17364822328090668,
                    1.215537190437317
                ],
                [
                    0.0,
                    0.0,
                    0.0,
                    1.0
                ]
            ]
        },
        {
            "image": "./cam_images/19.jpeg",
            "mask": "./masks/19.jpeg",
            "transform_matrix": [
                [
                    0.5877851843833923,
                    -0.14048436284065247,
                    0.7967262268066406,
                    5.577083587646484
                ],
                [
                    0.8090170621871948,
                    0.10206785053014755,
                    -0.5788553953170776,
                    -4.051988124847412
                ],
                [
                    0.0,
                    0.9848077297210693,
                    0.17364822328090668,
                    1.215537190437317
                ],
                [
                    0.0,
                    0.0,
                    0.0,
                    1.0
                ]
            ]
        },
        {
            "image": "./cam_images/20.jpeg",
            "mask": "./masks/20.jpeg",
            "transform_matrix": [
                [
                    0.30901697278022766,
                    -0.1651492714881897,
                    0.936607837677002,
                    6.556254863739014
                ],
                [
                    0.9510565400123596,
                    0.05366024374961853,
                    -0.3043223023414612,
                    -2.130256414413452
                ],
                [
                    0.0,
                    0.9848077297210693,
                    0.17364822328090668,
                    1.215537190437317
                ],
                [
                    0.0,
                    0.0,
                    0.0,
                    1.0
                ]
            ]
        },
        {
            "image": "./cam_images/21.jpeg",
            "mask": "./masks/21.jpeg",
            "transform_matrix": [
                [
                    -4.371138828673793e-08,
                    4.371138828673793e-08,
                    1.0,
                    7.0
                ],
                [
                    1.0,
                    1.910685676922942e-15,
                    4.371138828673793e-08,
                    0.0
                ],
                [
                    0.0,
                    1.0,
                    -4.371138828673793e-08,
                    4.2862638516991895e-16
                ],
                [
                    0.0,
                    0.0,
                    0.0,
                    1.0
                ]
            ]
        },
        {
            "image": "./cam_images/22.jpeg",
            "mask": "./masks/22.jpeg",
            "transform_matrix": [
                [
                    -0.30901703238487244,
                    4.157200095278313e-08,
                    0.9510564804077148,
                    6.657395839691162
                ],
                [
                    0.9510564804077148,
                    1.3507564844417175e-08,
                    0.30901703238487244,
                    2.163119077682495
                ],
                [
                    0.0,
                    1.0,
                    -4.371138828673793e-08,
                    4.2862638516991895e-16
                ],
                [
                    0.0,
                    0.0,
                    0.0,
                    1.0
                ]
            ]
        },
        {
            "image": "./cam_images/23.jpeg",
            "mask": "./masks/23.jpeg",
            "transform_matrix": [
                [
                    -0.5877851843833923,
                    3.53632572114293e-08,
                    0.80901700258255,
                    5.663118839263916
                ],
                [
                    0.80901700258255,
                    2.569290913356781e-08,
                    0.5877851843833923,
                    4.11449670791626
                ],
                [
                    0.0,
                    1.0,
                    -4.371138828673793e-08,
                    4.2862638516991895e-16
                ],
                [
                    0.0,
                    0.0,
                    0.0,
                    1.0
                ]
            ]
        },
        {
            "image": "./cam_images/24.jpeg",
            "mask": "./masks/24.jpeg",
            "transform_matrix": [
                [
                    -0.8090170621871948,
                    2.569290735721097e-08,
                    0.5877851843833923,
                    4.11449670791626
                ],
                [
                    0.5877851843833923,
                    3.536326076414298e-08,
                    0.8090170621871948,
                    5.663118839263916
                ],
                [
                    0.0,
                    1.0,
                    -4.371138828673793e-08,
                    4.2862638516991895e-16
                ],
                [
                    0.0,
                    0.0,
                    0.0,
                    1.0
                ]
            ]
        },
        {
            "image": "./cam_images/25.jpeg",
            "mask": "./masks/25.jpeg",
            "transform_matrix": [
                [
                    -0.9510564804077148,
                    1.3507563956238755e-08,
                    0.30901703238487244,
                    2.163119077682495
                ],
                [
                    0.30901703238487244,
                    4.157200095278313e-08,
                    0.9510564804077148,
                    6.657395839691162
                ],
                [
                    0.0,
                    1.0,
                    -4.371138828673793e-08,
                    4.2862638516991895e-16
                ],
                [
                    0.0,
                    0.0,
                    0.0,
                    1.0
                ]
            ]
        },
        {
            "image": "./cam_images/26.jpeg",
            "mask": "./masks/26.jpeg",
            "transform_matrix": [
                [
                    -1.0,
                    -3.821371353845884e-15,
                    -8.742277657347586e-08,
                    4.2862638516991895e-16
                ],
                [
                    -8.742277657347586e-08,
                    4.371138828673793e-08,
                    1.0,
                    7.0
                ],
                [
                    0.0,
                    1.0,
                    -4.371138828673793e-08,
                    4.2862638516991895e-16
                ],
                [
                    0.0,
                    0.0,
                    0.0,
                    1.0
                ]
            ]
        },
        {
            "image": "./cam_images/27.jpeg",
            "mask": "./masks/27.jpeg",
            "transform_matrix": [
                [
                    -0.9510564804077148,
                    -1.3507563956238755e-08,
                    -0.30901703238487244,
                    -2.163119077682495
                ],
                [
                    -0.30901703238487244,
                    4.157200095278313e-08,
                    0.9510564804077148,
                    6.657395839691162
                ],
                [
                    0.0,
                    1.0,
                    -4.371138828673793e-08,
                    4.2862638516991895e-16
                ],
                [
                    0.0,
                    0.0,
                    0.0,
                    1.0
                ]
            ]
        },
        {
            "image": "./cam_images/28.jpeg",
            "mask": "./masks/28.jpeg",
            "transform_matrix": [
                [
                    -0.8090170621871948,
                    -2.569290735721097e-08,
                    -0.5877851843833923,
                    -4.11449670791626
                ],
                [
                    -0.5877851843833923,
                    3.536326076414298e-08,
                    0.8090170621871948,
                    5.663118839263916
                ],
                [
                    0.0,
                    1.0,
                    -4.371138828673793e-08,
                    4.2862638516991895e-16
                ],
                [
                    0.0,
                    0.0,
                    0.0,
                    1.0
                ]
            ]
        },
        {
            "image": "./cam_images/29.jpeg",
            "mask": "./masks/29.jpeg",
            "transform_matrix": [
                [
                    -0.5877851843833923,
                    -3.53632572114293e-08,
                    -0.80901700258255,
                    -5.663118839263916
                ],
                [
                    -0.80901700258255,
                    2.569290913356781e-08,
                    0.5877851843833923,
                    4.11449670791626
                ],
                [
                    0.0,
                    1.0,
                    -4.371138828673793e-08,
                    4.2862638516991895e-16
                ],
                [
                    0.0,
                    0.0,
                    0.0,
                    1.0
                ]
            ]
        },
        {
            "image": "./cam_images/30.jpeg",
            "mask": "./masks/30.jpeg",
            "transform_matrix": [
                [
                    -0.30901703238487244,
                    -4.157200095278313e-08,
                    -0.9510564804077148,
                    -6.657395839691162
                ],
                [
                    -0.9510564804077148,
                    1.3507564844417175e-08,
                    0.30901703238487244,
                    2.163119077682495
                ],
                [
                    0.0,
                    1.0,
                    -4.371138828673793e-08,
                    4.2862638516991895e-16
                ],
                [
                    0.0,
                    0.0,
                    0.0,
                    1.0
                ]
            ]
        },
        {
            "image": "./cam_images/31.jpeg",
            "mask": "./masks/31.jpeg",
            "transform_matrix": [
                [
                    -4.371138828673793e-08,
                    -4.371138828673793e-08,
                    -1.0,
                    -7.0
                ],
                [
                    -1.0,
                    1.910685676922942e-15,
                    4.371138828673793e-08,
                    8.572527703398379e-16
                ],
                [
                    0.0,
                    1.0,
                    -4.371138828673793e-08,
                    4.2862638516991895e-16
                ],
                [
                    0.0,
                    0.0,
                    0.0,
                    1.0
                ]
            ]
        },
        {
            "image": "./cam_images/32.jpeg",
            "mask": "./masks/32.jpeg",
            "transform_matrix": [
                [
                    0.30901697278022766,
                    -4.157200450549681e-08,
                    -0.9510565400123596,
                    -6.657395839691162
                ],
                [
                    -0.9510565400123596,
                    -1.3507561291703496e-08,
                    -0.30901697278022766,
                    -2.163119077682495
                ],
                [
                    0.0,
                    1.0,
                    -4.371138828673793e-08,
                    4.2862638516991895e-16
                ],
                [
                    0.0,
                    0.0,
                    0.0,
                    1.0
                ]
            ]
        },
        {
            "image": "./cam_images/33.jpeg",
            "mask": "./masks/33.jpeg",
            "transform_matrix": [
                [
                    0.5877852439880371,
                    -3.53632572114293e-08,
                    -0.80901700258255,
                    -5.663118839263916
                ],
                [
                    -0.80901700258255,
                    -2.569290913356781e-08,
                    -0.5877852439880371,
                    -4.11449670791626
                ],
                [
                    0.0,
                    1.0,
                    -4.371138828673793e-08,
                    4.2862638516991895e-16
                ],
                [
                    0.0,
                    0.0,
                    0.0,
                    1.0
                ]
            ]
        },
        {
            "image": "./cam_images/34.jpeg",
            "mask": "./masks/34.jpeg",
            "transform_matrix": [
                [
                    0.80901700258255,
                    -2.569291090992465e-08,
                    -0.5877852439880371,
                    -4.11449670791626
                ],
                [
                    -0.5877852439880371,
                    -3.53632572114293e-08,
                    -0.80901700258255,
                    -5.663118839263916
                ],
                [
                    0.0,
                    1.0,
                    -4.371138828673793e-08,
                    4.2862638516991895e-16
                ],
                [
                    0.0,
                    0.0,
                    0.0,
                    1.0
                ]
            ]
        },
        {
            "image": "./cam_images/35.jpeg",
            "mask": "./masks/35.jpeg",
            "transform_matrix": [
                [
                    0.9510565400123596,
                    -1.3507563068060335e-08,
                    -0.30901700258255005,
                    -2.163119077682495
                ],
                [
                    -0.30901700258255005,
                    -4.157200095278313e-08,
                    -0.9510565400123596,
                    -6.657395839691162
                ],
                [
                    0.0,
                    1.0,
                    -4.371138828673793e-08,
                    4.2862638516991895e-16
                ],
                [
                    0.0,
                    0.0,
                    0.0,
                    1.0
                ]
            ]
        },
        {
            "image": "./cam_images/37.jpeg",
            "mask": "./masks/37.jpeg",
            "transform_matrix": [
                [
                    0.9510565400123596,
                    1.3507563068060335e-08,
                    0.30901700258255005,
                    2.163119077682495
                ],
                [
                    0.30901700258255005,
                    -4.157200095278313e-08,
                    -0.9510565400123596,
                    -6.657395839691162
                ],
                [
                    0.0,
                    1.0,
                    -4.371138828673793e-08,
                    4.2862638516991895e-16
                ],
                [
                    0.0,
                    0.0,
                    0.0,
                    1.0
                ]
            ]
        },
        {
            "image": "./cam_images/38.jpeg",
            "mask": "./masks/38.jpeg",
            "transform_matrix": [
                [
                    0.80901700258255,
                    2.569291090992465e-08,
                    0.5877852439880371,
                    4.11449670791626
                ],
                [
                    0.5877852439880371,
                    -3.53632572114293e-08,
                    -0.80901700258255,
                    -5.663118839263916
                ],
                [
                    0.0,
                    1.0,
                    -4.371138828673793e-08,
                    4.2862638516991895e-16
                ],
                [
                    0.0,
                    0.0,
                    0.0,
                    1.0
                ]
            ]
        },
        {
            "image": "./cam_images/39.jpeg",
            "mask": "./masks/39.jpeg",
            "transform_matrix": [
                [
                    0.5877852439880371,
                    3.53632572114293e-08,
                    0.80901700258255,
                    5.663118839263916
                ],
                [
                    0.80901700258255,
                    -2.569290913356781e-08,
                    -0.5877852439880371,
                    -4.11449670791626
                ],
                [
                    0.0,
                    1.0,
                    -4.371138828673793e-08,
                    4.2862638516991895e-16
                ],
                [
                    0.0,
                    0.0,
                    0.0,
                    1.0
                ]
            ]
        },
        {
            "image": "./cam_images/40.jpeg",
            "mask": "./masks/40.jpeg",
            "transform_matrix": [
                [
                    0.30901697278022766,
                    4.157200450549681e-08,
                    0.9510565400123596,
                    6.657395839691162
                ],
                [
                    0.9510565400123596,
                    -1.3507561291703496e-08,
                    -0.30901697278022766,
                    -2.163119077682495
                ],
                [
                    0.0,
                    1.0,
                    -4.371138828673793e-08,
                    4.2862638516991895e-16
                ],
                [
                    0.0,
                    0.0,
                    0.0,
                    1.0
                ]
            ]
        },
        {
            "image": "./cam_images/41.jpeg",
            "mask": "./masks/41.jpeg",
            "transform_matrix": [
                [
                    -4.371138828673793e-08,
                    0.1736481934785843,
                    0.9848077297210693,
                    6.8936543464660645
                ],
                [
                    1.0,
                    7.59040386100196e-09,
                    4.304731504589654e-08,
                    0.0
                ],
                [
                    0.0,
                    0.9848077297210693,
                    -0.1736481934785843,
                    -1.215537190437317
                ],
                [
                    0.0,
                    0.0,
                    0.0,
                    1.0
                ]
            ]
        },
        {
            "image": "./cam_images/42.jpeg",
            "mask": "./masks/42.jpeg",
            "transform_matrix": [
                [
                    -0.30901703238487244,
                    0.1651492416858673,
                    0.936607837677002,
                    6.556254863739014
                ],
                [
                    0.9510564804077148,
                    0.05366024747490883,
                    0.30432239174842834,
                    2.130256414413452
                ],
                [
                    0.0,
                    0.9848077297210693,
                    -0.1736481934785843,
                    -1.215537190437317
                ],
                [
                    0.0,
                    0.0,
                    0.0,
                    1.0
                ]
            ]
        },
        {
            "image": "./cam_images/43.jpeg",
            "mask": "./masks/43.jpeg",
            "transform_matrix": [
                [
                    -0.5877851843833923,
                    0.14048433303833008,
                    0.7967262268066406,
                    5.577083587646484
                ],
                [
                    0.80901700258255,
                    0.10206783562898636,
                    0.5788554549217224,
                    4.051988124847412
                ],
                [
                    0.0,
                    0.9848077297210693,
                    -0.1736481934785843,
                    -1.215537190437317
                ],
                [
                    0.0,
                    0.0,
                    0.0,
                    1.0
                ]
            ]
        },
        {
            "image": "./cam_images/44.jpeg",
            "mask": "./masks/44.jpeg",
            "transform_matrix": [
                [
                    -0.8090170621871948,
                    0.10206783562898636,
                    0.5788553953170776,
                    4.051988124847412
                ],
                [
                    0.5877851843833923,
                    0.14048434793949127,
                    0.7967262268066406,
                    5.577083587646484
                ],
                [
                    0.0,
                    0.9848077297210693,
                    -0.1736481934785843,
                    -1.215537190437317
                ],
                [
                    0.0,
                    0.0,
                    0.0,
                    1.0
                ]
            ]
        },
        {
            "image": "./cam_images/45.jpeg",
            "mask": "./masks/45.jpeg",
            "transform_matrix": [
                [
                    -0.9510564804077148,
                    0.05366024747490883,
                    0.30432236194610596,
                    2.130256414413452
                ],
                [
                    0.30901703238487244,
                    0.1651492416858673,
                    0.936607837677002,
                    6.556254863739014
                ],
                [
                    0.0,
                    0.9848077297210693,
                    -0.1736481934785843,
                    -1.215537190437317
                ],
                [
                    0.0,
                    0.0,
                    0.0,
                    1.0
                ]
            ]
        },
        {
            "image": "./cam_images/46.jpeg",
            "mask": "./masks/46.jpeg",
            "transform_matrix": [
                [
                    -1.0,
                    -8.609463009179308e-08,
                    1.518080949836076e-08,
